
$orca_hessian_file

$act_atom
  0

$act_coord
  0

$act_energy
        0.000000

$multiplicity
  1

$hessian
15
                    0                  1                  2                  3                  4        
    0      2.4012584186E-01  -1.5373592804E-02   1.9182681301E-02  -2.3831396796E-02   1.8733462503E-02
    1     -1.5373592804E-02   2.7663342894E-01  -1.0440242245E-03   1.1314133641E-02  -1.8814674061E-01
    2      1.9182681301E-02  -1.0440242245E-03   2.5711582314E-01   5.3202968286E-03  -8.4415483508E-02
    3     -2.3831396796E-02   1.1314133641E-02   5.3202968286E-03   3.1836346812E-02  -1.7305163569E-02
    4      1.8733462503E-02  -1.8814674061E-01  -8.4415483508E-02  -1.7305163569E-02   1.7955776646E-01
    5      2.8634956298E-03  -4.9959452039E-02  -4.6100064359E-02  -1.0491899830E-02   7.6535472559E-02
    6     -8.5713416271E-02   1.9199259247E-02  -7.9049622294E-02   1.9835458352E-03  -2.1330745574E-04
    7      4.3234924897E-02  -3.3640765720E-02   4.8105377895E-02  -1.2203808679E-02   2.2909290321E-03
    8     -9.5258135394E-02   2.7223729256E-02  -1.3847070187E-01  -6.2429211506E-03   2.9853823947E-03
    9     -1.2543468291E-01   1.2497822303E-02   3.5382443418E-02  -1.2610969671E-02  -5.6247136922E-05
   10     -1.3983243514E-02  -2.7748998012E-02   6.7872974537E-03   1.4059102535E-02   3.1405746569E-03
   11      5.1054948187E-02  -4.8828067986E-03  -4.6324700593E-02   1.5742372389E-02   5.2696815771E-03
   12     -5.1463458897E-03  -2.7710315566E-02   1.9234489938E-02   2.6224738205E-03  -1.1400960583E-03
   13     -3.2538857904E-02  -2.7096924600E-02   3.0624969337E-02   4.1170877899E-03   3.1574704618E-03
   14      2.2086721086E-02   2.8604416853E-02  -2.6220356313E-02  -4.3615050867E-03  -2.5394320255E-04
                    5                  6                  7                  8                  9        
    0      2.8634956298E-03  -8.5713416271E-02   4.3234924897E-02  -9.5258135394E-02  -1.2543468291E-01
    1     -4.9959452039E-02   1.9199259247E-02  -3.3640765720E-02   2.7223729256E-02   1.2497822303E-02
    2     -4.6100064359E-02  -7.9049622294E-02   4.8105377895E-02  -1.3847070187E-01   3.5382443418E-02
    3     -1.0491899830E-02   1.9835458352E-03  -1.2203808679E-02  -6.2429211506E-03  -1.2610969671E-02
    4      7.6535472559E-02  -2.1330745574E-04   2.2909290321E-03   2.9853823947E-03  -5.6247136922E-05
    5      6.1005963193E-02  -6.7292541491E-04  -1.6936599255E-02  -8.6336634055E-03   9.7239989037E-03
    6     -6.7292541491E-04   1.0438145414E-01  -2.4440517530E-02   8.9463650045E-02  -2.4371077740E-02
    7     -1.6936599255E-02  -2.4440517530E-02   3.0359307160E-02  -2.8503210961E-02  -5.5424203877E-03
    8     -8.6336634055E-03   8.9463650045E-02  -2.8503210961E-02   1.3755752148E-01   1.1956412299E-02
    9      9.7239989037E-03  -2.4371077740E-02  -5.5424203877E-03   1.1956412299E-02   1.9947834664E-01
   10     -5.9837802760E-03   5.6295648198E-04  -1.5327655115E-03   1.7017605282E-03  -2.2253456213E-02
   11     -8.9840761711E-03  -6.0072982724E-03  -6.2793131110E-04   7.1574762286E-03  -6.2540604206E-02
   12     -1.3890124383E-03   3.7194940353E-03  -1.0771637074E-03   6.5377284057E-05  -3.7061616322E-02
   13     -3.7767508092E-03   4.9205946630E-03   2.5232950392E-03  -3.3646591076E-03   1.5275758042E-02
   14      2.7118407428E-03  -3.7181871468E-03  -2.0806384769E-03   2.3893675710E-03   5.5723748067E-03
                   10                 11                 12                 13                 14        
    0     -1.3983243514E-02   5.1054948187E-02  -5.1463458897E-03  -3.2538857904E-02   2.2086721086E-02
    1     -2.7748998012E-02  -4.8828067986E-03  -2.7710315566E-02  -2.7096924600E-02   2.8604416853E-02
    2      6.7872974537E-03  -4.6324700593E-02   1.9234489938E-02   3.0624969337E-02  -2.6220356313E-02
    3      1.4059102535E-02   1.5742372389E-02   2.6224738205E-03   4.1170877899E-03  -4.3615050867E-03
    4      3.1405746569E-03   5.2696815771E-03  -1.1400960583E-03   3.1574704618E-03  -2.5394320255E-04
    5     -5.9837802760E-03  -8.9840761711E-03  -1.3890124383E-03  -3.7767508092E-03   2.7118407428E-03
    6      5.6295648198E-04  -6.0072982724E-03   3.7194940353E-03   4.9205946630E-03  -3.7181871468E-03
    7     -1.5327655115E-03  -6.2793131110E-04  -1.0771637074E-03   2.5232950392E-03  -2.0806384769E-03
    8      1.7017605282E-03   7.1574762286E-03   6.5377284057E-05  -3.3646591076E-03   2.3893675710E-03
    9     -2.2253456213E-02  -6.2540604206E-02  -3.7061616322E-02   1.5275758042E-02   5.5723748067E-03
   10      3.3795729274E-01  -1.8082005492E-01   2.1693184103E-02  -3.1181610387E-01   1.7825910999E-01
   11     -1.8082005492E-01   1.6092960152E-01   1.6559566797E-03   1.8111677868E-01  -1.1277830098E-01
   12      2.1693184103E-02   1.6559566797E-03   3.5865994355E-02   8.2299043184E-03  -1.9573107561E-02
   13     -3.1181610387E-01   1.8111677868E-01   8.2299043184E-03   3.3323226297E-01  -2.0456464163E-01
   14      1.7825910999E-01  -1.1277830098E-01  -1.9573107561E-02  -2.0456464163E-01   1.3389744898E-01

$vibrational_frequencies
15
    0        0.0000000000000000
    1        0.0000000000000000
    2        0.0000000000000000
    3        0.0000000000000000
    4        0.0000000000000000
    5        0.0000000000000000
    6      161.2263644040822328
    7      386.4486549209846089
    8      670.0805829669011473
    9      891.6280462480273172
   10      955.4555921673750163
   11     1131.0594725625439878
   12     1202.7368469156242554
   13     2431.2541451391334704
   14     2440.1318224289266254

$normal_modes
15 15
                    0                  1                  2                  3                  4        
    0      0.0000000000E+00   0.0000000000E+00   0.0000000000E+00   0.0000000000E+00   0.0000000000E+00
    1      0.0000000000E+00   0.0000000000E+00   0.0000000000E+00   0.0000000000E+00   0.0000000000E+00
    2      0.0000000000E+00   0.0000000000E+00   0.0000000000E+00   0.0000000000E+00   0.0000000000E+00
    3      0.0000000000E+00   0.0000000000E+00   0.0000000000E+00   0.0000000000E+00   0.0000000000E+00
    4      0.0000000000E+00   0.0000000000E+00   0.0000000000E+00   0.0000000000E+00   0.0000000000E+00
    5      0.0000000000E+00   0.0000000000E+00   0.0000000000E+00   0.0000000000E+00   0.0000000000E+00
    6      0.0000000000E+00   0.0000000000E+00   0.0000000000E+00   0.0000000000E+00   0.0000000000E+00
    7      0.0000000000E+00   0.0000000000E+00   0.0000000000E+00   0.0000000000E+00   0.0000000000E+00
    8      0.0000000000E+00   0.0000000000E+00   0.0000000000E+00   0.0000000000E+00   0.0000000000E+00
    9      0.0000000000E+00   0.0000000000E+00   0.0000000000E+00   0.0000000000E+00   0.0000000000E+00
   10      0.0000000000E+00   0.0000000000E+00   0.0000000000E+00   0.0000000000E+00   0.0000000000E+00
   11      0.0000000000E+00   0.0000000000E+00   0.0000000000E+00   0.0000000000E+00   0.0000000000E+00
   12      0.0000000000E+00   0.0000000000E+00   0.0000000000E+00   0.0000000000E+00   0.0000000000E+00
   13      0.0000000000E+00   0.0000000000E+00   0.0000000000E+00   0.0000000000E+00   0.0000000000E+00
   14      0.0000000000E+00   0.0000000000E+00   0.0000000000E+00   0.0000000000E+00   0.0000000000E+00
                    5                  6                  7                  8                  9        
    0      0.0000000000E+00   1.5729774129E-02   8.2660963738E-02   2.9268259579E-01   1.1160669478E-02
    1      0.0000000000E+00   2.1306393017E-02   1.4704882963E-01   8.3787080359E-02   1.4012311140E-02
    2      0.0000000000E+00   3.5186977095E-02  -1.2501844010E-01  -1.7768703472E-01   2.4838140958E-02
    3      0.0000000000E+00  -2.7209642841E-01   3.7654222711E-01  -3.0561700574E-01  -5.9085588147E-01
    4      0.0000000000E+00   2.7385709944E-01   2.7222654760E-01  -2.0975579786E-01  -1.9375692295E-01
    5      0.0000000000E+00  -5.7910914664E-01  -3.1930400055E-01   2.9886166651E-01   3.1945496313E-01
    6      0.0000000000E+00  -3.5409658590E-02   3.8527125762E-01  -3.4694261324E-01   5.7175745740E-01
    7      0.0000000000E+00  -6.8507654963E-01   2.7691504217E-01  -2.3911675952E-01   1.5939961483E-01
    8      0.0000000000E+00  -1.2231230347E-01  -3.3594848967E-01   2.5696050668E-01  -3.9372762148E-01
    9      0.0000000000E+00  -4.6139921844E-02   1.8314285494E-01  -5.6678908247E-01  -2.1303979838E-02
   10      0.0000000000E+00  -6.4932735117E-02  -2.1496886294E-01  -1.3546387941E-02  -2.5947123985E-02
   11      0.0000000000E+00  -1.0629068010E-01   5.1364921373E-02   2.5471000049E-01  -4.3509777764E-02
   12      0.0000000000E+00   3.5061236415E-02  -3.9117139943E-01   4.1270573428E-02   9.0024429567E-04
   13      0.0000000000E+00   4.9592088106E-02  -1.0431516554E-01  -1.2038432580E-01   9.8399137324E-04
   14      0.0000000000E+00   8.2361146579E-02   2.3195376565E-01   5.4272402345E-02   1.0270617188E-04
                   10                 11                 12                 13                 14        
    0     -3.4085168434E-03   1.9569527473E-02   4.8202485132E-03   1.5723795097E-02  -1.2733118966E-02
    1      3.9930739598E-02  -2.2599200220E-02  -1.8912342244E-02  -2.5113519639E-02  -1.4818108084E-02
    2     -2.1637145701E-02   4.6718898592E-03   8.6575654156E-03   5.8235795854E-03  -2.7667469501E-02
    3     -5.1400410736E-01  -4.9838530683E-01  -5.9533613052E-02  -7.5619653140E-02  -7.2180113017E-02
    4     -2.4860151914E-01   1.6187632631E-01   1.0830821936E-01   6.5636675817E-01   6.0611749110E-01
    5      4.2520579280E-01  -4.7427544344E-01  -2.6186814994E-01   3.3267677192E-01   2.8080251618E-01
    6     -5.3111923127E-01  -1.5783465834E-01   6.0888515595E-02  -4.2320208437E-01   4.5899346112E-01
    7     -2.8332668097E-01   6.1734431083E-01   2.7929658519E-01   1.2003578551E-01  -1.5761093992E-01
    8      3.4366512938E-01   3.0470671698E-01   3.7113959788E-02  -5.0829736587E-01   5.5847806937E-01
    9      9.0475254891E-02   5.9037283427E-03  -1.0661897970E-02   1.6866972896E-03   1.1326329092E-04
   10     -4.3312034263E-02   1.1565850449E-02  -5.4444372874E-01  -5.5893802482E-04   3.0567339299E-04
   11     -1.4389654750E-02  -9.7078273653E-03   3.3501811473E-01  -3.5689390264E-04   4.4993933639E-04
   12     -1.8029494152E-02  -2.4458134134E-03   1.2445519350E-03  -7.0016800110E-04   1.6723998913E-04
   13     -4.8014666023E-04  -1.6907857738E-02   5.5663731869E-01   2.6219405845E-04   1.2444575148E-04
   14      7.8371865569E-03   1.1346564772E-02  -3.3761872774E-01   1.4725608929E-04   2.3618917649E-04

#
# The atoms: label  mass x y z (in bohrs)
#
$atoms
5
 P     30.97400     -1.308149540468    -0.908986457801     1.114929327073
 H      1.00800     -1.630667370049     1.483267038799     2.263415320192
 H      1.00800     -3.002950284111    -0.355177364090    -0.876389316336
 O     15.99900      1.423020902318    -0.218338649522    -0.484432022771
 O     15.99900      1.401487533325     1.907058704015    -1.761454794446

$actual_temperature
  0.000000

$frequency_scale_factor
  1.000000

$dipole_derivatives
15
    7.0450850304E-01    1.9520939270E-01   -2.2276550319E-01
    1.2733081501E-01    6.6580025315E-01   -1.7163231274E-01
   -1.7704684479E-01   -1.9934659574E-01    6.6601962621E-01
   -6.2677880165E-02   -5.0756317526E-02    2.8219257883E-02
    3.1598618003E-02   -1.9164829454E-01   -1.2110051058E-01
    1.1498001279E-02    6.2263461464E-02   -1.9454976792E-02
   -8.5845215575E-02   -3.9949300313E-02    2.4471903922E-02
    1.0130788978E-01   -3.8813043438E-02    1.0610529570E-01
   -9.3821157394E-02    1.9912567199E-02   -1.4887917584E-01
   -3.4694721772E-01   -4.0758690688E-02    8.8714557168E-02
   -1.5154216853E-01   -5.4093120534E-01    2.7038686436E-01
    1.5000827859E-01    2.2017122577E-01   -4.0249629246E-01
   -2.0895342816E-01   -6.3811788096E-02    8.1430008481E-02
   -1.0874184601E-01    1.0550524169E-01   -8.3683162096E-02
    1.0952797367E-01   -1.0286058135E-01   -9.5128100449E-02

#
# The IR spectrum
#  wavenumber eps Int TX TY TZ
#
$ir_spectrum
15
      0.00   0.00000000   0.00000000     0.000000     0.000000     0.000000
      0.00   0.00000000   0.00000000     0.000000     0.000000     0.000000
      0.00   0.00000000   0.00000000     0.000000     0.000000     0.000000
      0.00   0.00000000   0.00000000     0.000000     0.000000     0.000000
      0.00   0.00000000   0.00000000     0.000000     0.000000     0.000000
      0.00   0.00000000   0.00000000     0.000000     0.000000     0.000000
    161.23   0.00060225   3.04354992    -0.011056    -0.015428    -0.028380
    386.45   0.00233852  11.81793949     0.030534     0.018910    -0.024464
    670.08   0.00908641  45.91899288     0.044950     0.028855    -0.037129
    891.63   0.00327591  16.55509943     0.012082     0.015507     0.027570
    955.46   0.00725981  36.68809340    -0.000429     0.042182    -0.024324
   1131.06   0.00230659  11.65657152     0.019587    -0.015890     0.000488
   1202.74   0.00343370  17.35253052     0.003767     0.024483    -0.016653
   2431.25   0.00565655  28.58590254     0.020400    -0.017585    -0.000820
   2440.13   0.00953805  48.20139489    -0.013363    -0.015852    -0.028106


$end

